10003
10023
10043
10063
10065
10083
10103
10123
10143
1015
1016
10163
1017
1018
10183
10184
1019
1020
10203
1021
1022
10223
1023
1024
10243
1025
1026
10263
1027
1028
10283
10284
1029
1030
10303
1031
10323
10343
10363
10383
1040
10403
10404
10405
1041
1042
10423
1043
1044
10443
10444
1045
1046
10463
1047
1048
10483
1049
1050
10503
1051
1052
10523
10524
1053
1054
10543
1055
1056
10563
10564
1057
1058
10583
10584
1059
1060
10603
1061
1062
10623
10624
1063
1064
10643
1065
1066
10663
1067
1068
10683
1069
1070
10703
1071
1072
10723
1073
1074
10743
10744
1075
1076
10763
1077
1078
10783
10784
1079
1080
10803
1081
1082
10823
10824
1083
1084
10843
1085
1086
10863
1087
1088
10883
1089
1090
10903
10904
1091
1092
10923
1093
1094
10943
1095
1096
10963
1097
1098
10983
10985
1099
1100
11003
1101
1102
11023
1103
1104
11043
1105
1106
11063
1107
11083
11103
1111
1112
11123
1113
1114
11143
11144
1115
1116
11163
1117
1118
11183
1119
1120
11203
1121
1122
11223
1123
1124
11243
11244
1125
1126
11263
1127
1128
11283
1129
1130
11303
1131
1132
11323
1133
1134
11343
1135
1136
11363
1137
1138
11383
1139
1140
11403
1141
1142
11423
1143
1144
11443
1145
1146
11463
11464
1147
1148
11483
11484
11485
1149
1150
11503
11504
1151
1152
11523
11524
1153
1154
11543
1155
1156
11563
11564
11565
11566
1157
1158
11583
1159
1160
11603
1161
1162
11623
11624
1163
1164
11643
11644
1165
1166
11663
1167
1168
11683
1169
1170
11703
1171
1172
11723
1173
1174
11743
1175
1176
11763
1177
1178
11783
11784
1179
1180
11803
1181
1182
11823
11824
1183
1184
11843
1185
1186
11863
1187
1188
11883
11884
1189
1190
11903
11923
11943
11944
11963
11964
11965
11983
12003
12004
12023
12043
12044
1206
12063
12064
12065
1207
1208
12083
12084
1209
1210
12103
12104
1211
1212
12123
12124
12125
1213
1214
12145
12146
1215
1216
12163
1217
1218
12183
1219
1220
12203
12204
1221
1222
12223
1223
1224
12243
1225
1226
12263
12264
1227
1228
12283
12284
12285
1229
1230
12303
12304
12305
1231
1232
12323
12324
1233
1234
12343
1235
1236
12363
12364
1237
1238
12383
12384
1239
1240
12403
12404
12406
1241
1242
12423
12424
1243
1244
12443
1245
1246
12463
1247
1248
12483
12484
12485
1249
1250
12503
1251
1252
12523
12524
1253
1254
12543
12545
1255
1256
12563
1257
1258
12583
12584
1259
1260
12603
12604
12605
12606
1261
1262
1263
1264
12643
1265
1266
12663
12664
1267
1268
12683
12684
1269
1270
12703
1271
1272
12723
12724
1273
1274
12743
12744
12745
12746
1275
1276
12763
1277
1278
12783
12784
1279
1280
12803
12804
1281
1282
12823
12824
12826
1283
1284
12843
12844
1285
1286
12863
1287
1288
12883
12884
12885
1289
1290
12903
12904
12905
12906
1291
1292
12923
12924
12925
12926
12927
1293
1294
12943
12944
12945
12946
1295
1296
12963
12964
1297
1298
12983
12984
1299
1300
13003
13004
13005
1301
1302
13023
13024
13025
13028
13029
1303
13030
1304
13043
13044
1305
1306
13063
13064
13065
1307
1308
13083
13084
13085
1309
1310
13103
13104
1311
1312
13123
13124
1313
1314
13143
1315
1316
13163
13164
13165
13166
13167
1317
1318
13183
1319
1320
13203
1321
1322
13223
13224
13225
13226
1323
1324
13243
13244
13245
13246
1325
1326
13265
13266
1327
1328
13285
13286
1329
1330
13305
13306
13307
1331
1332
13325
13326
13327
13328
13329
1333
13330
13333
13334
13335
1334
13345
13346
1335
1336
13365
1337
1338
13385
13386
13387
13388
13389
1339
13390
13391
1340
13405
13406
13407
13408
13409
1341
1342
13425
13426
13427
13428
13429
1343
13430
1344
13445
13446
1345
1346
13465
1347
1348
13485
13486
13487
1349
1350
13505
1351
1352
13525
1353
1354
13545
1355
1356
13565
1357
1358
13585
1359
1360
13605
13606
1361
1362
13625
13626
1363
1364
13645
13646
1365
1366
13665
13666
13667
13668
1367
1368
13685
13686
13687
13688
13689
1369
1370
13705
13706
1371
1372
13725
1373
1374
13745
1375
1376
13765
1377
1378
13785
13786
13787
13788
13789
1379
13790
1380
13805
13806
13807
1381
1382
13825
1383
1384
13847
13848
1385
1386
13865
1387
1388
13885
13886
13887
13888
13889
1389
1390
13905
13906
1391
1392
13925
13927
1393
1394
13945
1395
1396
13965
1397
1398
13985
13986
1399
1400
14005
14006
1401
1402
14025
1403
1404
14045
14046
1405
1406
14065
14066
14067
14068
14069
1407
1408
14085
1409
1410
14105
14106
1411
1412
14125
14126
1413
1414
14145
14146
1415
1416
14165
1417
1418
14185
1419
1420
14205
14206
14207
1421
1422
14225
1423
1424
14245
1425
1426
14265
1427
1428
14285
1429
1430
14305
1431
1432
14325
1433
1434
14345
1435
1436
14365
14366
14367
1437
1438
14385
14386
14387
1439
1440
14405
1441
1442
14425
1443
1444
14445
14446
14447
14448
1445
1446
14465
1447
1448
14485
1449
1450
14505
14506
14507
14508
14509
1451
1452
14525
1453
1454
14546
1455
1456
14565
1457
1458
14585
1459
1460
14605
1461
1462
14625
1463
1464
14645
1465
1466
14665
1467
1468
14685
1469
1470
14705
1471
1472
14725
14726
1473
14745
14746
14747
14748
14765
14766
14785
14786
14788
14805
14806
1481
14825
14826
14827
14828
14845
14846
14865
14885
14886
14905
14906
14925
14945
14946
14947
14965
14966
14985
15005
15006
15025
15026
15027
15028
15045
15046
15065
15085
15086
15087
15088
15089
15105
15106
15125
15126
15127
15128
15145
15146
15165
15166
15167
15185
15186
15187
15188
15205
15206
15207
1521
15225
15226
15227
15245
15246
15265
15286
15287
15288
15289
15305
15325
15326
15345
15365
15366
15385
15386
15387
15405
15425
15445
15446
15447
15448
15449
15450
15451
15452
15465
15466
15485
15486
15487
15488
15505
15506
15525
15526
15545
15546
15565
15585
15586
15605
1561
15625
15626
15627
15645
15646
15647
15648
15649
15665
15666
15685
15705
15725
15745
15765
15766
15767
15768
15785
15786
15805
15806
1581
15825
15826
15845
15846
15847
15848
15849
15850
15851
15865
15866
15867
15885
15886
15887
15888
15889
15890
15905
15906
15925
15926
15945
15965
15966
15985
16005
16006
1601
16025
16026
16027
16028
16029
16045
16046
16065
16066
16067
16068
16085
16086
16087
16105
16106
16125
16126
16127
16128
16129
16145
16146
16165
16166
16185
16205
1621
16225
16226
16245
16246
16265
16266
16267
16268
16285
16286
16305
16306
16307
16308
16325
16326
16327
16328
16329
16330
16331
16332
16333
16334
16335
16345
16346
16347
16365
16385
16386
16405
1641
16425
16445
16446
16447
16465
16485
16486
16507
16525
16545
16546
16565
16566
16567
16568
16585
16605
16606
16607
16608
1661
16625
16645
16665
16666
16685
16705
16706
16708
16725
16745
16765
16766
16785
16786
16805
1681
16825
16845
16865
16885
16886
16905
16925
16926
16945
16965
16966
16985
16986
17005
17006
17007
1701
17025
17045
17046
17047
17065
17066
17085
17086
17105
17106
17107
17125
17145
17165
17166
17167
17185
17205
1721
17225
17227
17245
17246
17265
17285
17305
17306
17325
17345
17346
17347
17365
17366
17367
17385
17405
17406
17407
1741
17425
17426
17427
17445
17446
17465
17485
17486
17487
17488
17505
17506
17525
17526
17545
17565
17566
17585
17605
17606
17607
17608
1761
17625
17645
17665
17685
17705
17725
17726
17745
17765
17766
17785
17805
1781
17825
17845
17865
17885
17905
17906
17907
17925
17926
17945
17946
17947
17965
17966
17967
17985
18005
18006
18007
18008
1801
18025
18045
18065
18066
18085
18105
18106
18107
18125
18145
18146
18147
18148
18166
18185
18205
1821
18225
18245
18265
18285
18305
18306
18307
18327
18348
18367
18368
18387
18388
18407
18408
1841
18427
18428
18429
18430
18447
18467
18468
18487
18507
18508
18527
18528
18529
18530
18547
18548
18567
18587
18607
1861
18627
18628
18629
18647
18667
18687
18708
18727
18747
18767
18787
18807
1881
18827
18828
18829
18847
18848
18867
18868
18869
18887
18907
18908
18927
18928
18947
18948
18967
18987
19007
1901
19027
19047
19067
19087
19107
19127
19128
19147
19167
19187
19207
1921
19227
19228
19247
19267
19287
19307
19327
19347
19348
19367
19387
19388
19407
1941
19427
19447
19448
19467
19487
19488
19507
19527
19547
19548
19567
19587
19607
1961
19627
19647
19667
19668
19669
19670
19671
19672
19673
19687
19707
19727
19747
19748
19767
19768
19769
19787
19807
1981
19827
19828
19829
19847
19848
19867
19887
19888
19889
19890
19891
19892
19907
19927
19947
19948
19967
19987
20007
2001
20028
20047
20067
20087
20107
20127
20128
20147
20167
20187
20207
20208
2021
20227
20228
20229
20247
20248
20267
20287
20307
20327
20328
20347
20348
20349
20367
20387
20407
2041
20427
20428
20447
20467
20487
20507
20527
20547
20567
20587
20588
20589
20590
20607
2061
20627
20647
20667
20668
20669
20670
20687
20707
20708
20727
20747
20767
20787
20807
2081
20827
20847
20848
20867
20887
20888
20889
20907
20908
20909
20927
20947
20967
20968
20988
20989
20990
21008
21009
2101
21028
21029
21048
21068
21088
21108
21128
21129
21130
21131
21149
21150
21168
21188
21208
2121
21228
21229
21230
21248
21249
21250
21268
21288
21308
21309
21328
21348
21388
21408
2141
21428
21448
21449
21469
21470
21509
21510
21530
21549
21550
21569
21570
21589
21609
2161
21610
21629
21630
21649
21650
21651
21669
21670
21689
21690
21692
21709
21710
21729
21730
21731
21732
21749
21769
21770
21789
21809
2181
21810
21829
21849
21869
21870
21889
21890
21909
21929
21949
21969
21989
22009
2201
22010
22029
22030
22049
22069
22070
22089
22109
22110
22111
22129
22149
22150
22169
22170
22171
22172
2221
22210
22229
22230
22231
22249
22251
22269
22270
22271
22289
22309
22310
22329
22330
22349
22369
22371
22389
22409
2241
22410
22429
22449
22450
22451
22469
22489
22509
22529
22549
22569
22570
22571
22589
22590
22609
2261
22629
22630
22649
22650
22669
22689
22690
22691
22709
22710
22711
22729
22731
22749
22750
22751
22752
22769
22770
22771
22789
22809
2281
22810
22811
22829
22849
22869
22870
22871
22889
22890
22891
22892
22893
22894
22909
22910
22911
22912
22913
22929
22930
22931
22949
22969
22970
22971
22972
22989
23009
2301
23029
23049
23069
23070
23089
23090
23091
23109
23129
23130
23131
23132
23149
23169
23189
23190
23209
2321
23210
23211
23230
23231
23249
23251
23270
23289
23290
23309
23310
2341
2361
2381
2401
2421
2441
2461
2481
2501
2521
2541
2581
2601
2621
2641
2661
2681
2701
2721
2741
2761
2781
2801
2821
2841
2861
2881
2901
2921
2941
2961
2981
3001
3021
3041
3061
3081
3101
3121
3141
3161
3181
3201
3221
3241
3261
3281
3301
3321
3341
3361
3381
3401
3421
3422
3441
3461
3481
3501
3521
3541
3561
3581
3601
3621
3641
3661
3681
3701
3721
3741
3761
3781
3801
3821
3841
3861
3881
3901
3921
3941
3961
3981
4001
4021
4041
4061
4081
4101
4121
4141
4161
4181
4201
4221
4241
4261
4281
4301
4321
4341
4361
4381
4401
4421
4441
4461
4481
4501
4521
4541
4561
4581
4601
4621
4641
4661
4681
4701
4721
4741
4761
4781
4801
4821
4822
4841
4861
4881
4901
4921
4941
4942
4943
4944
4945
4961
4981
5001
5021
5041
5061
5081
5101
5102
5121
5141
5161
5181
5201
5221
5241
5262
5281
5301
5321
5341
5361
5381
5382
5401
5421
5441
5442
5461
5481
5501
5522
5524
5542
5561
5562
5583
5601
5602
5603
5604
5621
5641
5661
5681
5701
5702
5721
5722
5741
5761
5781
5801
5821
5841
5861
5881
5901
5921
5922
5923
5941
5942
5961
5962
5981
5982
6001
6021
6041
6061
6081
6101
6121
6141
6142
6161
6181
6201
6221
6241
6261
6281
6282
6301
6302
6321
6341
6342
6343
6344
6361
6381
6382
6383
6401
6421
6441
6461
6481
6501
6502
6503
6523
6543
6563
6583
6603
6604
6623
6624
6625
6643
6644
6645
6646
6647
6683
6703
6704
6705
6723
6724
6743
6744
6763
6783
6803
6804
6805
6823
6843
6863
6864
6883
6884
6885
6903
6904
6905
6923
6924
6925
6943
6944
6945
6963
6983
7003
7023
7043
7044
7063
7064
7083
7084
7103
7104
7106
7123
7143
7163
7183
7184
7203
7223
7224
7243
7263
7264
7283
7284
7303
7323
7324
7344
7363
7364
7383
7403
7423
7443
7444
7463
7464
7465
7483
7503
7504
7523
7543
7583
7584
7603
7604
7623
7624
7643
7663
7683
7684
7685
7686
7703
7723
7743
7763
7764
7765
7783
7784
7785
7803
7823
7824
7825
7826
7843
7863
7883
7903
7904
7905
7906
7907
7908
7909
7923
7924
7943
7963
7964
7983
7984
8003
8004
8044
8045
8063
8083
8084
8104
8123
8124
8125
8143
8144
8163
8164
8165
8183
8184
8203
8204
8223
8224
8225
8226
8243
8263
8283
8303
8304
8323
8343
8344
8364
8383
8403
8424
8425
8443
8463
8484
8503
8504
8523
8524
8543
8544
8563
8564
8565
8583
8603
8604
8605
8623
8643
8644
8645
8663
8664
8665
8683
8703
8723
8743
8763
8783
8784
8803
8823
8824
8863
8866
8883
8903
8904
8923
8924
8943
8963
8964
8983
8984
9003
9023
9043
9044
9063
9064
9084
9085
9103
9104
9105
9106
9123
9143
9144
9145
9163
9164
9183
9203
9204
9205
9206
9223
9224
9225
9226
9243
9244
9263
9264
9265
9283
9303
9304
9306
9323
9363
9364
9383
9403
9404
9423
9443
9463
9464
9483
9484
9485
9503
9523
9543
9545
9563
9583
9603
9623
9643
9663
9683
9684
9703
9723
9743
9744
9763
9783
9784
9803
9823
9843
9863
9884
9903
9923
9924
9943
9963
9964
9983