1107
1112
1116
1117
1118
1119
1120
1121
1122
1123
1124
1125
1126
1127
1128
1129
1130
1131
1132
1133
1144
1145
1146
1147
1148
1028
1026
1027
1029
1030
1031
1074
1075
1076
1077
1078
1079
1080
1081
1082
1083
1084
1085
1086
1087
1088
1017
1016
1018
1019
1020
1021
1022
1023
1024
1025
1041
1043
1046
1048
1050
1052
1055
1058
1059
1060
1061
1062
1063
1064
1065
1066
1040
1042
1044
1045
1047
1015
1049
1051
1053
1054
1056
1057
1115
1111
1113
1114
1134
1135
1136
1137
1138
1139
1140
1141
1142
1143
1067
1068
1069
1070
1071
1072
1073
1089
1090
1091
1092
1093
1094
1095
1096
1097
1098
1099
1100
1101
1102
1103
1104
1105
1106
1301
1302
1303
1304
1305
1306
1307
1308
1309
1310
1350
1351
1352
1353
1354
1355
1356
1357
1358
1359
1360
1361
1362
1363
1364
1365
1366
1155
1156
1157
1158
1159
1160
1161
1162
1163
1164
1165
1166
1167
1168
1169
1170
1171
1172
1173
1174
1175
1176
1177
1178
1149
1251
1252
1253
1254
1255
1256
1257
1258
1259
1260
1261
1262
1263
1264
1265
1266
1267
1268
1269
1270
1271
1272
1273
1206
1207
1208
1209
1210
1211
1212
1213
1214
1215
1216
1217
1274
1275
1276
1277
1278
1279
1280
1281
1282
1283
1284
1285
1286
1431
1432
1150
1151
1152
1153
1154
1179
1180
1181
1182
1183
1184
1185
1186
1187
1188
1189
1190
1218
1219
1220
1221
1222
1223
1224
1225
1226
1227
1228
1229
1230
1231
1232
1233
1234
1235
1236
1237
1238
1239
1240
1241
1242
1243
1244
1245
1246
1247
1248
1249
1250
1287
1288
1289
1290
1291
1292
1293
1311
1312
1313
1314
1315
1316
1317
1318
1319
1320
1321
1322
1323
1324
1325
1326
1327
1328
1329
1330
1294
1295
1296
1297
1298
1299
1300
1331
1332
1333
1334
1335
1336
1337
1338
1339
1340
1341
1342
1343
1344
1345
1346
1347
1348
1349
1433
1434
1435
1436
1437
1438
1439
1440
1441
1442
1443
1444
1445
1446
1447
1448
1449
1450
1451
1452
1453
1454
1455
1456
1393
1394
2081
2101
2121
2141
2161
2181
2201
2221
2241
2261
2281
2301
2321
2341
2361
2381
2401
2421
2441
2461
2481
2501
2521
2541
2581
2601
2621
2641
2661
2681
2701
2721
2741
2761
2781
2801
2821
2841
2861
2881
2901
2921
2941
2961
2981
3001
3021
3041
3061
3081
3101
1395
1396
1397
1398
1399
1400
1401
1402
1457
1458
1459
1460
1461
1462
1463
1464
1465
1466
1467
1468
1469
1470
1471
1472
1473
1367
1368
1369
1370
1371
1372
1373
1374
1375
1376
1377
1378
1379
1380
1381
1382
1383
1384
1385
1386
1387
1388
1389
1390
1391
1392
1403
1404
1405
1406
1407
1408
1409
1410
1411
1412
1413
1414
1415
1416
1417
1418
1419
1420
1421
1422
1423
1424
1425
1426
1427
1428
1429
1430
1481
1521
1561
1581
1601
1621
1641
1661
1681
1701
1721
1741
1761
1781
1801
1821
1841
1861
1881
1901
1921
1941
1961
1981
2001
2021
2041
2061
4061
4081
4101
4121
4141
4161
4181
4201
4221
4241
4261
4281
4301
4321
4341
4361
4381
4401
4421
4441
4461
4481
4501
4521
4541
4561
4581
4601
4621
4641
4661
4681
4701
4721
4741
4761
4781
4801
4821
4822
4841
5621
5641
5661
5681
5701
5702
5721
5722
5741
5761
5781
5801
5821
5841
5861
5881
5901
5921
5922
5923
5941
5942
5961
5962
5981
5982
6001
6021
6041
6061
6081
6101
6121
6141
6142
6161
6181
6201
6221
6241
6261
6281
6282
6301
6302
6321
6341
6342
6343
6344
6361
6381
4861
4881
4901
4921
4941
4942
4943
4944
4945
4961
4981
5001
5021
5041
5061
5081
5101
5102
5121
5141
5161
5181
5201
5221
5241
5281
5262
5301
5321
5341
5361
5381
5382
5401
5421
5441
5442
5461
5481
5501
5522
5561
5524
5542
5562
5601
5583
5602
5603
5604
3121
3141
3161
3181
3201
3221
3241
3261
3281
3301
3321
3341
3361
3381
3401
3421
3422
3441
3461
3481
3501
3521
3541
3561
3581
3601
3621
3641
3661
3681
3701
3721
3741
3761
3781
3801
3821
3841
3861
3881
3901
3921
3941
3961
3981
4001
4021
4041
6382
6383
6401
6421
6441
6461
6481
6501
6502
6503
6523
6543
6563
6583
6603
6604
6623
6624
6625
6643
6644
6645
6646
6647
7905
7906
7907
7908
7909
7923
7924
7943
7963
7964
7983
7984
8003
8004
8045
8044
8063
8083
8084
8104
8123
8124
8125
8143
8144
8163
8164
8165
8183
8184
8203
8204
8223
8224
8225
8226
8243
8263
8283
8303
8304
8323
8343
8344
8383
8364
8403
8425
8424
8443
8463
8503
6703
6683
6704
6705
6723
6724
6743
6744
6763
6783
6803
6804
6805
6823
6843
6863
6864
6883
6884
6885
6903
6904
6905
6923
6924
6925
6943
6944
6945
6963
6983
7043
7003
7023
7044
7063
7064
7083
7084
7103
7104
7106
7123
7143
7163
7183
7184
7203
7223
7224
7243
7263
7264
7283
7284
7303
7323
7324
7383
7344
7363
7364
7403
7423
7443
7444
7463
7464
7465
7483
7503
7504
7523
7543
7584
7583
7603
7604
7623
7624
7643
7663
7683
7684
7685
7686
7703
7723
7743
7763
7764
7765
7783
7784
7785
7803
7823
7824
7825
7826
7843
7863
7883
7903
7904
9105
9106
9123
9143
9144
9145
9163
9164
9183
9203
9204
9205
9206
9223
9224
9225
9226
9243
9244
9263
9264
9265
9283
9303
9304
9323
9306
9364
9363
9383
9403
9404
9423
9443
9463
9464
9483
9484
9485
9503
9523
9543
9563
9545
9583
9603
9623
9643
9663
9683
10463
10483
10503
10523
10524
10543
10563
10564
10583
10584
10603
10623
10624
10643
10663
10683
10703
10723
10743
10744
10763
10783
10784
10803
10823
10824
10843
10863
10883
10903
10904
10923
10943
10963
10983
11003
10985
11023
11043
11063
11083
11103
11123
11143
11144
11163
11183
11203
11223
9684
9703
9723
9743
9744
9763
9783
9784
9803
9823
9843
9863
9903
9884
9923
9924
9943
9963
9964
9983
10003
10023
10043
10063
10083
10065
10103
10123
10143
10163
10183
10184
10203
10223
10243
10263
10283
10284
10303
10323
10343
10363
10383
10403
10404
10405
10423
10443
10444
8484
8504
8523
8524
8543
8544
8563
8564
8565
8583
8603
8604
8605
8623
8643
8644
8645
8663
8664
8665
8683
8703
8723
8743
8763
8783
8784
8803
8823
8824
8866
8863
8883
8903
8904
8923
8924
8943
8963
8964
8983
8984
9003
9023
9043
9044
9063
9064
9084
9085
9103
9104
11243
11244
11263
11283
11303
11323
11343
11363
11383
11403
11423
11443
11463
11464
11483
11484
11485
11503
11504
11523
11524
11543
11563
11564
11565
12745
12746
12763
12783
12784
12803
12804
12823
12824
12843
12826
12844
12863
12883
12884
12885
12903
12904
12905
12906
12923
12924
12925
12926
12927
12943
12944
12945
12946
12963
12964
12983
12984
13003
13004
13005
13023
13024
13025
13028
13029
13030
13043
13044
13063
13064
13065
11566
11583
11603
11623
11624
11643
11644
11663
11683
11703
11723
11743
11763
11783
11784
11803
11823
11824
11843
11863
11883
11884
11903
11923
11943
11944
11963
11964
11965
11983
12003
12004
12023
12043
12044
12063
12064
12065
12083
12084
12103
12104
12123
12124
12125
12146
12163
12145
12183
12203
12204
12223
12243
12263
12264
12283
12284
12285
12303
12304
12305
12323
12324
12343
12363
12364
12383
12384
12403
12404
12423
12406
12424
12443
12463
12483
12484
12485
12503
12523
12524
12543
12545
12563
12583
12584
12603
12604
12605
12606
12663
12643
12664
12683
12684
12703
12723
12724
12743
12744
13408
13409
13425
13426
13427
13428
13429
13430
13445
13446
13465
13485
13486
13487
13505
13525
13545
13565
13585
13605
13606
13625
13626
13645
13646
13665
13666
13667
13668
13685
13686
13687
13688
13689
13705
13706
13725
13745
13765
13785
13786
13787
13788
13789
13790
13805
13806
13807
13825
13865
14387
14405
14425
14445
14446
14447
14448
14465
14485
14505
14506
14507
14508
14509
14525
14565
14546
14585
14605
14625
14645
14665
14685
14705
14725
14726
14745
14746
14747
14748
14765
14766
14785
14786
14788
14805
14806
14825
14826
14827
14828
14845
14846
14865
14885
14886
14905
14906
14925
14945
13848
13847
13885
13886
13887
13888
13889
13905
13906
13925
13927
13945
13965
13985
13986
14005
14006
14025
14045
14046
14065
14066
14067
14068
14069
14085
14105
14106
14125
14126
14145
14146
14165
14185
14205
14206
14207
14225
14245
14265
14285
14305
14325
14345
14365
14366
14367
14385
14386
13083
13084
13085
13103
13104
13123
13124
13143
13163
13164
13165
13166
13167
13183
13203
13223
13224
13225
13226
13243
13244
13245
13246
13265
13266
13285
13286
13305
13306
13307
13325
13326
13327
13328
13329
13330
13334
13335
13333
13345
13346
13365
13385
13386
13387
13388
13389
13390
13391
13405
13406
13407
14946
14947
14965
14966
14985
15005
15006
15025
15026
15027
15028
15045
15046
15065
15085
15086
15087
15088
15089
15105
15106
15125
15126
15127
15128
15945
15965
15966
15985
16005
16006
16025
16026
16027
16028
16029
16045
16046
16065
16066
16067
16068
16085
16086
16087
16105
16106
16125
16126
16127
16128
16129
16145
16146
16165
16166
16185
16205
16225
16226
16245
16246
16265
16266
16267
16268
16285
16286
16305
16306
16307
16308
16325
16326
16327
15145
15146
15165
15166
15167
15185
15186
15187
15188
15205
15206
15207
15225
15226
15227
15245
15246
15265
15286
15287
15288
15289
15305
15325
15326
15345
15365
15366
15385
15386
15387
15405
15425
15445
15446
15447
15448
15449
15450
15451
15452
15465
15466
15485
15486
15487
15488
15505
15506
15525
15526
15545
15546
15565
15585
15586
15605
15625
15626
15627
15645
15646
15647
15648
15649
15665
15666
15685
15705
15725
15745
15765
15766
15767
15768
15785
15786
15805
15806
15825
15826
15845
15846
15847
15848
15849
15850
15851
15865
15866
15867
15885
15886
15887
15888
15889
15890
15905
15906
15925
15926
17045
17046
17047
17085
17086
17245
17246
17347
17426
17427
17526
17545
17565
17566
17605
17606
17607
17608
17625
17645
17665
17725
17726
17745
17785
17825
17465
17845
17865
17885
17905
17906
17907
17945
17946
17947
18107
18145
18146
18147
18148
18185
18225
18285
18387
18388
18407
18408
18487
18527
18528
16545
16546
16565
16566
16567
16568
16585
16685
16805
16885
16886
16986
17145
17165
17166
17167
17405
17406
17407
17585
17805
18065
18066
18085
16485
16725
16825
16845
16865
17185
17485
17486
17487
17488
17765
17766
18005
18006
18007
18008
18025
18045
18106
18125
18166
18205
18307
18467
18468
18507
18508
16625
16665
16666
16745
16785
16786
16985
17005
17006
17025
17065
17066
17125
17265
17285
17325
17965
17966
17967
17985
18245
18265
18327
18367
18348
16486
17225
17345
17227
17346
17365
17366
17367
17385
17685
17705
17925
17926
18105
18305
18306
18368
18427
18428
18429
18430
18447
18529
16328
16329
16330
16331
16332
16333
16334
16335
16345
16346
16347
16365
16385
16386
16405
16425
16445
16446
16447
16465
16605
16606
16607
16608
16645
16765
16507
16525
16705
16706
16905
16708
16766
16925
16926
16945
16965
16966
17007
17105
17106
17107
17205
17305
17306
17425
17445
17446
17505
17506
17525
18567
18667
18868
18869
19487
19488
19627
19647
19967
20367
20507
20707
20708
20727
20747
20767
20787
20807
20827
20847
20848
20867
20887
20888
20889
18587
18727
18927
18928
18947
19407
19673
19727
19747
19748
19827
19828
19887
19888
19889
19890
19891
19892
19907
19987
20147
20207
20208
20267
20387
18607
18708
18747
18767
18847
18848
19047
19207
19287
19307
19387
19448
19467
19547
19587
19829
19867
20227
20228
20247
20248
20347
20348
20349
20447
18547
18548
18647
18908
18948
18987
19027
19107
19127
19128
19227
19228
19327
19347
19348
19548
19847
19848
19927
20067
20028
20087
20107
19007
18807
19187
19247
19267
19367
19388
19567
19667
19668
19687
19707
19767
19768
19769
20127
20128
20167
20187
20328
20427
20428
20467
20547
20567
18530
18967
19167
19507
19527
19607
19787
19807
19947
19948
20229
20287
20487
20527
20587
20588
20589
20590
20607
20627
20647
20667
20668
20669
20670
18627
18628
18629
18687
18787
18827
18828
18829
18867
18887
18907
19067
19087
19147
19427
19447
19669
19670
19671
19672
20007
20047
20307
20327
20407
20687
20907
20908
20967
20989
21088
21128
21188
21288
21308
22009
21408
22010
22449
22451
22709
22710
22711
22752
22789
22809
22810
22811
22829
22849
22869
20968
20988
21028
21029
21048
21068
21388
21509
21510
21589
21530
21749
21849
21829
22069
22450
22749
22750
22751
22769
22770
22771
22870
22871
22889
20990
21009
21448
21549
21550
21569
21570
21689
21609
21610
21670
21690
21769
21692
21770
21929
22329
22330
22349
22389
22569
22570
22571
22589
22590
21008
21249
21250
21428
21449
21909
22070
22109
22111
22409
22410
22529
22729
22890
22731
22891
22892
22893
22894
22909
22910
22911
22912
22913
22929
21669
21809
21810
21969
21989
22931
22169
22170
22171
22172
22930
22251
22509
22949
22969
22970
22971
22972
20927
20947
21129
21130
21131
21150
21149
21168
21208
21248
21309
21328
21348
21649
21650
21651
21729
21730
21731
21732
21789
21869
21228
21229
21230
21268
21469
21470
21629
21630
21709
21710
21870
22029
22030
22089
22110
22149
22150
22269
22270
22289
22309
22310
22369
22429
22469
20909
21108
21889
21890
21949
22049
22129
22210
22229
22230
22231
22249
22271
22629
22371
22489
22549
22609
22630
22649
22650
22669
22689
22690
22691